0,437
0,490
0,523
0,417
0,443
94,2
0,409
0,441
0,440
0,438
0,436
0,435
0,308
0,450
0,433
0,432
0,502
0,522
0,495
0,520
0,297
0,287
0,243
97,3
0,292
0,428
0,422
0,537
0,420
0,418
0,425
0,416
0,453
0,403
0,413
0,412
0,279
0,407
0,285
0,319
0,464
0,406
0,499
0,405
0,315
0,419
0,503
0,400
0,300
0,291
0,568
0,397
0,567
94,3
0,470
0,575
0,439
92,3
92,2
92,1
92,0
0,401
0,278
0,501
109,3
109,2
109,1
109,0
0,283
93,2
0,394
93,3
0,396
0,571
0,391
0,395
0,559
0,385
0,558
0,384
0,521
0,390
0,570
0,556
0,389
0,574
0,572
0,573
0,560
0,562
0,564
0,569
0,561
0,566
0,565
0,386
0,563
0,274
0,557
0,553
0,546
0,288
0,284
0,544
0,526
0,514
0,536
0,387
0,551
0,550
0,554
0,549
0,548
0,543
0,545
0,552
0,547
0,542
88,52
88,51
88,50
88,49
88,48
88,47
88,46
88,45
88,44
88,43
88,42
88,41
88,40
88,39
88,38
88,37
88,36
0,504
0,272
0,271
110,4
110,3
110,2
0,12
0,275
0,276
110,1
110,0
54,3
0,311
0,269
0,468
0,429
0,508
